1 8296 55.676098 12.568337 55.605030 12.518830 20
2 5600 56.326778 10.202594 55.676215 12.561455 43
4 9449 55.402318 9.774359 55.736658 12.565367 41
8 4367 55.758035 9.839008 55.642384 12.549302 34
9 8231 55.235988 10.018931 55.675481 12.590225 5
13 4965 55.837451 8.321112 55.765491 12.548313 7
14 7108 55.509404 9.063720 55.738496 12.513211 76
17 1842 55.634292 9.300744 55.602703 12.445487 46
20 4189 55.381603 8.718594 55.625088 12.531940 84
21 3751 55.550508 9.032032 55.738192 12.542065 44
25 2606 55.428632 9.300413 55.636828 12.494681 94
27 2606 55.428632 9.300413 54.636828 12.494681 94

31 7296 55.418016 9.275496 55.537823 12.500543 81
32 3839 55.467933 9.594443 55.563302 12.542213 40
36 6397 55.523070 9.232281 55.568245 12.523499 63
37 4897 55.236189 9.186237 55.684899 12.504170 12
39 6032 55.517114 9.295688 55.599306 12.507169 30
40 1305 55.239939 9.324828 55.648054 12.537902 51
42 4645 55.442826 9.623560 55.514463 12.528996 60
43 9302 55.499704 9.070080 55.723416 12.489960 54
44 5201 55.317053 9.225312 55.599845 12.451512 72
48 2438 55.488775 9.222022 55.751231 12.558796 12
49 1227 55.413650 9.489237 55.624887 12.515581 23
50 6885 55.398065 9.682126 55.664328 12.464390 24
51 2450 55.648530 12.533530 55.643673 12.546409 15
27 2650 55.628371 12.447768 55.643673 12.546409 0
28 4690 55.325786 11.969319 55.327267 11.964637 100
29 2650 55.628371 12.447768 55.681454 12.522004 0
52 2000 55,686682 12,534388 55,643673 12,546409 0
52 2630 55,653899 12,310048 55,643673 12,546409 0